//Format:
//"LV name"   E exitation  XS units [in cm^2]  Oscillator strength (F)
//E1, E2, ... En
//Cross section 1, XS2, ... XSn

"1S5" 11.548 1e-18
11.548,11.60,11.63,11.64,11.66,11.70,11.75,11.80,11.82,11.83,11.84,11.86,11.88,11.90,11.93,12.00,12.10,12.20,12.30,12.40,12.50,12.60,12.70,12.80,12.83,12.86,12.90,12.91,12.93,12.96,13.00,13.03,13.05,13.08,13.10,13.12,13.15,13.18,13.20,13.26,13.28,13.29,13.35,13.40,13.45,13.47,13.50,13.60,13.70,13.80,14.0,14.5,15.0,16.0,17.0,18.0,20.0,22.0,24.0,26.0,28.0,30.0,35.0,40.0,45.0,50.0,60.0,70.0,80.0,90.0,100.0
0.00,0.70,1.22,1.22,1.01,0.88,0.83,0.90,1.13,1.69,2.27,1.64,1.13,1.04,0.99,1.10,1.31,1.64,2.05,2.47,2.86,3.20,3.40,3.40,3.33,3.19,2.77,3.28,2.56,2.27,2.27,3.89,5.20,3.89,2.72,2.14,1.75,1.96,1.69,1.53,2.03,1.76,1.94,2.09,2.18,2.52,2.36,2.56,2.80,3.10,3.85,4.40,4.94,5.58,6.16,6.44,6.20,4.90,3.80,3.20,2.50,2.00,1.15,0.80,0.52,0.37,0.24,0.135,0.088,0.060,0.042                                                           

"1S4" 11.624 1e-18 0.0580
11.624,11.65,11.66,11.67,11.68,11.69,11.70,11.74,11.75,11.77,11.79,11.82,11.84,11.87,11.88,11.90,11.95,12.00,12.05,12.10,12.20,12.30,12.40,12.50,12.60,12.70,12.80,12.85,12.90,12.905,12.91,12.93,12.97,13.00,13.03,13.05,13.06,13.07,13.09,13.10,13.15,13.18,13.20,13.21,13.23,13.26,13.30,13.35,13.40,13.45,13.47,13.49,13.60,13.70,13.80,14.0,15.0,16.0,17.0,18.0,19.0,20.0,24.0,27.0,30.0,40.0,50.0,60.0,80.0,100.0,140.0,200.0,250.0,300.0,400.0,500.0,600.0,800.0,1000.0
0.00,0.90,1.48,1.57,1.57,1.55,1.48,1.10,1.05,1.14,1.22,1.30,1.42,0.90,0.81,.742,.761,.788,0.86,0.92,1.12,1.55,1.64,1.91,2.16,2.32,2.38,2.34,2.12,2.02,2.29,2.00,1.87,1.93,2.38,3.28,3.49,3.20,2.21,2.05,1.76,2.27,2.11,2.36,2.11,1.98,1.89,1.82,1.87,1.94,2.16,2.07,2.23,2.40,2.55,2.90,5.02,6.23,6.86,7.43,8.00,8.05,8.05,8.00,7.80,7.30,6.80,6.30,5.60,5.00,4.30,3.60,3.30,3.00,2.50,2.15,1.92,1.60,1.41

"1S3" 11.723 1e-18
11.723,11.75,11.76,11.78,11.79,11.80,11.84,11.86,11.90,11.95,12.00,12.10,12.20,12.30,12.40,12.50,12.60,12.70,12.80,12.85,12.90,12.91,12.92,12.94,12.98,12.99,13.00,13.01,13.04,13.05,13.06,13.08,13.10,13.15,13.18,13.20,13.21,13.23,13.25,13.27,13.30,13.35,13.40,13.45,13.47,13.49,13.60,13.70,13.80,14.0,14.5,15.0,16.0,17.0,18.0,20.0,22.0,24.0,26.0,28.0,30.0,35.0,40.0,45.0,50.0,60.0,70.0,80.0,90.0,100.0
0.00,0.176,0.38,0.45,0.45,0.43,0.23,0.23,0.176,0.155,0.155,0.171,0.211,0.259,0.317,0.389,0.454,0.509,0.542,0.535,0.479,0.373,0.567,0.486,0.437,0.639,0.518,0.461,0.518,0.752,0.979,0.873,0.706,0.535,0.535,0.826,1.12,0.891,0.720,0.616,0.461,0.236,0.243,0.252,0.445,0.356,0.405,0.454,0.486,0.56,0.80,0.99,1.12,1.23,1.29,1.24,0.98,0.76,0.64,0.50,0.40,0.23,0.16,0.104,0.074,0.048,0.027,0.0176,0.0120,0.0084

"1S2" 11.828 1e-18 0.2260
11.828,11.85,11.86,11.88,11.90,11.93,11.96,12.00,12.05,12.10,12.20,12.30,12.40,12.50,12.60,12.70,12.80,12.85,12.90,12.91,12.93,12.95,13.00,13.02,13.06,13.10,13.13,13.15,13.17,13.20,13.21,13.23,13.25,13.27,13.30,13.35,13.40,13.45,13.46,13.48,13.50,13.60,13.70,13.80,14.0,15.0,16.0,17.0,18.0,19.0,20.0,22.0,24.0,26.0,28.0,30.0,35.0,40.0,50.0,60.0,80.0,100.0,120.0,140.0,170.0,200.0,250.0,300.0,350.0,400.0
0.00,1.55,1.94,1.76,1.58,1.37,1.24,1.19,1.19,1.21,1.30,1.44,1.64,1.91,2.25,2.52,2.75,2.83,2.86,3.46,3.04,2.95,2.93,3.08,4.18,3.29,3.17,3.02,2.99,3.60,4.21,3.78,3.53,3.17,3.02,2.74,2.92,3.29,3.40,3.24,3.33,3.71,3.94,4.20,4.80,7.20,9.43,11.7,14.0,16.0,17.2,18.8,19.8,20.6,21.3,22.0,23.6,24.7,25.5,25.3,24.0,22.3,20.7,19.3,17.5,16.0,14.0,12.5,11.3,10.3

"2P10" 12.907 9e-19
12.907,12.912,12.922,12.934,12.949,12.966,13.00,13.012,13.035,13.042,13.053,13.064,13.068,13.075,13.089,13.107,13.141,13.154,13.162,13.170,13.180,13.190,13.202,13.214,13.220,13.234,13.239,13.265,13.271,13.276,13.300,13.400,13.445,13.458,13.467,13.480,13.50,13.60,14.0,15.0,16.0,18.0,19.0,20.0,21.0,22.0,25.0,30.0,35.0,40.0,50.0,60.0,80.0,100.0
0.00,0.76,0.40,0.57,0.53,0.61,0.95,1.40,1.78,1.88,1.74,1.18,0.70,0.34,0.13,0.21,0.39,0.70,1.01,1.07,1.33,1.17,1.43,0.70,0.36,0.14,0.11,0.11,0.25,0.18,0.19,0.21,0.22,0.34,0.51,0.34,0.32,0.31,0.39,0.77,1.13,1.82,2.03,2.16,2.20,2.17,1.89,1.20,0.81,0.58,0.33,0.21,0.11,0.065

"2P9" 13.076 9e-19
13.076,14.0,15.0,16.0,18.0,19.0,20.0,21.0,22.0,25.0,30.0,35.0,40.0,50.0,60.0,80.0,100.0
0.00,0.55,1.23,1.90,2.75,2.94,3.00,2.98,2.92,2.55,1.73,1.19,0.85,0.50,0.32,0.17,0.11

"2P8" 13.095 9e-19
13.095,14.0,15.0,16.0,18.0,20.0,22.0,25.0,30.0,35.0,40.0,50.0,60.0,80.0,100.0
0.00,0.38,0.85,1.25,1.85,2.10,2.30,2.35,2.40,2.36,2.20,1.80,1.50,1.13,0.90

"2P7" 13.153 9e-19
13.153,14.0,15.0,16.0,18.0,19.0,20.0,21.0,22.0,25.0,30.0,35.0,40.0,50.0,60.0,80.0,100.0
0.00,0.20,0.56,0.92,1.56,1.74,1.81,1.81,1.76,1.60,1.25,1.00,0.84,0.61,0.44,0.27,0.19

"2P6" 13.172 9e-19
13.172,14.0,15.0,16.0,18.0,19.0,20.0,22.0,25.0,30.0,35.0,40.0,50.0,60.0,80.0,100.0
0.00,0.36,0.81,1.24,1.84,2.04,2.10,2.20,2.18,1.95,1.80,1.65,1.42,1.27,1.04,0.87

"2P5" 13.273 9e-19
13.273,14.0,15.0,16.0,18.0,19.0,20.0,21.0,22.0,25.0,30.0,35.0,40.0,50.0,60.0,80.0,100.0
0.00,0.09,0.28,0.47,0.83,0.97,1.08,1.16,1.20,1.26,1.25,1.23,1.20,1.08,0.96,0.75,0.60

"2P4" 13.283 9e-19
13.283,14.0,15.0,16.0,18.0,19.0,20.0,21.0,22.0,25.0,30.0,35.0,40.0,50.0,60.0,80.0,100.0
0.00,0.18,0.55,0.90,1.53,1.71,1.77,1.77,1.72,1.57,1.23,0.98,0.82,0.60,0.43,0.26,0.18

"2P3" 13.302 9e-19
13.302,14.0,15.0,16.0,18.0,19.0,20.0,21.0,22.0,25.0,30.0,35.0,40.0,50.0,60.0,80.0,100.0
0.00,0.155,0.39,0.62,1.11,1.34,1.51,1.62,1.70,1.82,1.85,1.76,1.62,1.33,1.10,0.82,0.66

"2P2" 13.328 9e-19
13.328,14.0,15.0,16.0,18.0,19.0,20.0,22.0,25.0,30.0,35.0,40.0,50.0,60.0,80.0,100.0
0.00,0.20,0.46,0.60,0.74,0.77,0.785,0.78,0.73,0.62,0.53,0.44,0.33,0.25,0.15,0.10 

"2P1" 13.480 9e-19
13.480,14.0,15.0,16.0,18.0,19.0,20.0,21.0,22.0,25.0,30.0,35.0,40.0,50.0,60.0,80.0,100.0
0.00,0.29,0.94,1.58,2.75,3.22,3.60,3.85,4.00,4.20,4.15,4.10,4.00,3.60,3.20,2.50,2.00

"3D6" 13.845 1e-18
13.845,14.0,15.0,16.0,17.0,18.0,19.0,20.0,22.0,25.0,30.0,35.0,40.0,45.0,50.0,60.0,70.0,80.0,100.0
0.00,0.11,0.64,0.92,1.05,1.10,1.10,1.07,0.97,0.79,0.56,0.39,0.28,0.21,0.16,0.099,0.065,0.045,0.024

"3D5" 13.864 1e-18 0.0010
13.864,14.0,15.0,16.0,17.0,18.0,19.0,20.0,22.0,25.0,30.0,35.0,40.0,45.0,50.0,60.0,70.0,80.0,100.0,120.0,140.0,170.0,200.0,250.0,300.0,400.0
0.00,0.32,2.40,3.60,4.20,4.40,4.40,4.28,3.92,3.20,2.24,1.64,1.20,0.92,0.78,0.52,0.37,0.28,0.15,0.112,0.092,0.076,0.062,0.052,0.045,0.037

"3D3" 13.903 1e-18
13.903,14.0,15.0,16.0,17.0,18.0,19.0,20.0,22.0,25.0,30.0,35.0,40.0,45.0,50.0,60.0,70.0,80.0,90.0,100.0
0.00,0.15,1.60,3.00,3.70,4.30,4.50,4.40,4.20,3.60,2.63,1.86,1.35,1.00,0.76,0.47,0.31,0.21,0.15,0.114

"3D4'" 13.979 1e-18
13.979,15.0,16.0,17.0,18.0,19.0,20.0,22.0,25.0,30.0,35.0,40.0,45.0,50.0,55.0,60.0,70.0,80.0,90.0,100.0
0.00,2.16,3.31,3.88,4.11,4.14,4.04,3.68,3.03,2.12,1.50,1.09,0.813,0.619,0.482,0.381,0.251,0.173,0.125,0.092

"3D4" 14.013 1e-18
14.013,15.0,16.0,17.0,18.0,19.0,20.0,21.0,22.0,25.0,30.0,35.0,40.0,45.0,50.0,55.0,60.0,65.0,70.0,75.0,80.0,90.0,100.0
0.00,0.63,1.05,1.31,1.48,1.57,1.62,1.63,1.62,1.52,1.28,1.06,0.88,0.73,0.62,0.53,0.46,0.40,0.35,0.31,0.28,0.225,0.186

"3D1''" 14.063 1e-18
14.063,15.0,16.0,17.0,18.0,19.0,20.0,22.0,25.0,30.0,35.0,40.0,45.0,50.0,60.0,70.0,80.0,90.0,100.0
0.00,0.60,1.10,1.50,1.70,1.80,1.85,1.85,1.65,1.35,1.00,0.73,0.57,0.45,0.32,0.23,0.18,0.145,0.120

"2S5" 14.068 1e-18
14.068,15.0,16.0,17.0,18.0,19.0,20.0,22.0,25.0,30.0,35.0,40.0,45.0,50.0,60.0,70.0,80.0,90.0,100.0
0.00,0.60,1.10,1.50,1.70,1.80,1.85,1.85,1.65,1.35,1.00,0.73,0.57,0.45,0.32,0.23,0.18,0.145,0.120

"2S4" 14.090 1e-16 0.0257

"3D1'" 14.099 1e-18
14.099,15.0,16.0,18.0,19.0,20.0,21.0,22.0,25.0,30.0,35.0,40.0,50.0,60.0,80.0,100.0
0.00,0.08,0.18,0.33,0.40,0.45,0.48,0.50,0.54,0.55,0.52,0.48,0.40,0.33,0.24,0.20

"3D2" 14.153 1e-16 0.074

"3S1''''" 14.214 1e-18
14.214,15.0,16.0,17.0,18.0,19.0,20.0,22.0,24.0,27.0,30.0,35.0,40.0,45.0,50.0,55.0,60.0,70.0,80.0,90.0,100.0
0.00,0.80,1.65,2.10,2.30,2.35,2.32,2.15,1.89,1.54,1.25,0.89,0.65,0.48,0.37,0.29,0.23,0.15,0.103,0.074,0.055

"3S1''" 14.234 1e-18
14.234,15.0,16.0,17.0,18.0,19.0,20.0,21.0,22.0,25.0,30.0,35.0,40.0,45.0,50.0,55.0,60.0,70.0,80.0,90.0,100.0
0.00,0.55,1.06,1.31,1.42,1.44,1.42,1.37,1.31,1.09,0.77,0.55,0.40,0.30,0.23,0.18,0.14,0.0918,0.0635,0.0456,0.0339

"3S1'''" 14.236 1e-18
14.236,15.0,16.0,18.0,19.0,20.0,21.0,22.0,25.0,30.0,35.0,40.0,50.0,60.0,80.0,100.0
0.00,0.12,0.27,0.50,0.60,0.68,0.72,0.75,0.81,0.82,0.78,0.72,0.60,0.52,0.36,0.30

"2S3" 14.241 1e-18
14.241,15.0,16.0,17.0,18.0,19.0,20.0,22.0,25.0,30.0,35.0,40.0,45.0,50.0,60.0,70.0,80.0,90.0,100.0
0.00,0.12,0.22,0.30,0.34,0.36,0.37,0.37,0.33,0.27,0.20,0.146,0.114,0.090,0.064,0.046,0.036,0.029,0.024

"2S2" 14.255 1e-16 0.011
"3S1'" 14.304 1e-16 0.092
"4D5" 14.711 1e-16 0.0019
"3S4" 14.848 1e-16 0.0144
"4D2" 14.859 1e-16 0.0484
"4S1'" 15.004 1e-16 0.0209
"3S2" 15.022 1e-16 0.0220
"5D5" 15.118 1e-16 0.0041
"4S4" 15.186 1e-16 0.0426
"5D2" 15.190 1e-16 0.0426
"6D5" 15.308 1e-16 0.00075
"5S1'" 15.351 1e-16 0.00051
"4S2" 15.360 1e-16 0.00074
"5S4" 15.366 1e-16 0.0130
"6D2" 15.374 1e-16 0.0290
"HIGH" 15.660 1e-16 0.1315
